11 [17]
13 [19]
17 [43]
19 [46063]
23 [179]
31 [67]
37 [2173]
43 [174569]
47 [859, 2243]
53 [19559]
59 [73]
61 [97, 137, 199, 653, 2213, 11437, 26833]
67 [181]
71 [306511]
73 [409, 2741, 11437, 14929, 140729]
83 [89, 4049]
97 [631, 1093, 1109]
101 [661]
103 [11131]
113 [857, 1181]
131 [1787497]
137 [1008793]
139 [1789589, 2207561, 2596871, 3454901, 3753307, 4001927, 4010723, 4232731, 4502731, 4536949, 4544161, 4629617, 4694281, 4875127, 6057427, 7424821]
151 [5501, 20173]
163 [383, 21174589]
167 [1787, 1871, 2027, 2661509, 2675419, 3231331, 4232219]
173 [1697, 2113]
181 [991]
193 [233]
197 [3543521]
223 [503]
227 [50789]
229 [7797743, 17980037]
233 [1181, 3288619, 3854677]
239 [431, 557, 1013, 1697, 2711, 4583]
241 [2713, 11273, 30931]
251 [1831]
257 [461, 2543477]
263 [2579, 3863, 6827, 6991]
269 [523, 911, 977]
271 [337]
277 [5851]
281 [281, 521, 230123]
283 [311, 521, 593]
293 [22777, 27733, 42221, 48871, 270859, 472391]
313 [17077]
331 [3073813]
347 [892999]
353 [48239]
367 [619, 5309, 9551, 71209, 142031]
373 [4519]
379 [857]
383 [461, 41057]
389 [5594623]
401 [3527, 72077]
409 [967, 9241]
421 [526649, 1062947, 4424353, 6784933, 9322931]
431 [743, 249967]
449 [65497]
457 [521]
461 [521, 617, 1163]
467 [499, 2441, 21859]
491 [15641, 325301, 5163703, 5809319]
499 [2806543]
503 [532867]
509 [2187221]
523 [3739]
541 [356731, 910099]
547 [12473, 13723, 9903407]
563 [587]
571 [14533]
577 [661, 296273, 360653]
587 [855923]
593 [827, 1019]
599 [4663, 17679091]
601 [1637, 7589173]
607 [4171571]
613 [6299]
617 [306463, 14280659]
619 [22853]
641 [14149, 32609, 4331557]
659 [2731, 3331]
661 [691, 977]
673 [27337]
677 [11467]
683 [7207, 2282209]
691 [1489, 96043, 128311]
701 [95483]
709 [341461, 23302819]
719 [1579, 120371, 130579, 193871, 346187, 494803, 496459, 525719, 532099, 535061, 535783, 535967, 539311, 547663, 550163, 557573, 569111, 573899, 615151, 628583, 629243, 647551, 681539, 705181, 706943, 718139, 721451, 730799, 760289, 763523, 780397, 786763, 788891, 821551, 977029, 986311, 1084087, 1309207]
727 [1423, 593071, 1335379]
739 [27077, 35863]
743 [5171, 10979]
751 [881, 2287, 10875611]
757 [809, 929, 9901, 2560001]
761 [4091, 87151, 189149, 191791, 370147, 6183011]
769 [6043, 7079, 1195937, 1288061]
787 [2521]
797 [823, 1163]
809 [29383]
821 [7699, 8563, 8779]
829 [1103, 3313, 1072039]
839 [1327, 12659]
857 [223063, 13698229, 15243539]
859 [1493, 30869, 53653, 1104853]
863 [753191, 760519, 791699, 842077, 1065527, 1111499]
877 [887, 1279]
881 [1091]
883 [8839, 1252151]
907 [937, 1117, 48491]
911 [44207, 49991, 55619, 12367037]
919 [2083, 4663, 849083]
937 [12421, 3268799, 4726643]
947 [2351]
953 [28279021]
967 [13118317]
971 [2027]
983 [1319, 595139]
991 [2671]
1013 [46649, 2578489]
1031 [1335667]
1039 [16127]
1049 [9689]
1051 [17737]
1063 [4919, 8461]
1069 [45191, 173207]
1087 [1197751]
1091 [1907, 2099]
1097 [1151]
1103 [32069, 302941, 4126349]
1109 [261587]
1117 [1201, 2143, 2591, 2689, 2843, 3701, 4523, 4787, 7561]
1129 [9239, 21828343]
1151 [60917]
1153 [1621, 29023, 3713581]
1163 [1471]
1171 [14323, 20857, 38891]
1201 [3044791]
1213 [1612997, 5345807]
1229 [1373]
1231 [2797]
1237 [39343]
1259 [2341, 2729, 3011, 10831]
1277 [2467, 2917, 337153]
1297 [51375769]
1303 [4084741]
1307 [4409, 5099, 17359, 64091]
1319 [1613]
1321 [7295923, 9375403]
1361 [991073]
1381 [8222213]
1399 [2029051, 2888887]
1409 [3162529]
1423 [5927, 7853]
1427 [7459693]
1429 [10322497]
1439 [2389, 176849]
1447 [1861637]
1451 [96457, 19134937]
1453 [1113863]
1459 [41777, 18413149]
1481 [171473]
1487 [6011, 2271799]
1493 [28603]
1511 [36637]
1543 [70061]
1553 [2609, 875141]
1571 [460087]
1579 [739787, 3242431, 6469943]
1583 [2111, 2517271, 3979229]
1621 [31867529]
1637 [4937, 865643]
1663 [12889, 22727, 1986311]
1693 [39437417]
1697 [5821, 352217, 566057, 1029199, 1055603, 2390849]
1709 [2957, 5623, 13686059, 15060391]
1721 [193577]
1723 [35157979]
1741 [963751, 8961793]
1759 [15787]
1777 [1281523, 3604327, 3922153]
1783 [3186907, 5212219]
1789 [9595367]
1801 [3361, 24691, 34253, 87877, 1703957, 3026581, 8415343, 18628381]
1823 [2927, 7823, 10091, 3334411, 5418899, 6632371]
1847 [210731, 4632161]
1871 [595271, 824393, 3725411]
1873 [6114697]
1877 [2713, 2999, 3041]
1879 [2129, 203141]
1889 [314603, 425393]
1901 [4357, 17117, 2596969]
1907 [331973, 1041223]
1913 [5689, 8147, 9157, 12979]
1931 [12721, 92033]
1951 [6171967, 7000663]
1973 [5087, 52081, 70121]
1979 [5861, 8263, 16889]
1997 [77419, 115057]
1999 [2099, 4447, 94603]
2011 [3631, 4397]
2017 [6709]
2027 [5309]
2053 [8677]
2063 [9437, 1165991]
2069 [2383, 27893]
2083 [7431937]
2099 [3931]
2111 [4994851]
2129 [11809249]
2131 [12491, 80783]
2153 [57871379]
2179 [17659]
2203 [12589]
2213 [31847]
2221 [5647]
2287 [162847]
2293 [24767]
2297 [9109, 15331]
2309 [2557, 2741]
2311 [6043]
2333 [2473, 14867, 53377]
2339 [3783929]
2347 [2477, 38371, 60611, 108883]
2371 [22159, 39503, 175013]
2377 [3671, 6733, 395803]
2381 [13841489]
2383 [2186731, 5683987, 5690371, 5701291, 6082939]
2393 [11159, 14321, 546323]
2417 [10457, 30293]
2437 [12043, 15937, 104123, 148913]
2447 [23201]
2459 [312943, 12092281, 17315951]
2467 [4003]
2473 [17351, 19571]
2477 [51299977]
2521 [2625761]
2531 [4547]
2543 [2543, 5237, 9949]
2549 [4057, 4967, 24923]
2551 [2671, 3607, 10889, 9715963]
2557 [9137, 9949, 4905653]
2579 [135019]
2593 [218077]
2609 [23893]
2617 [16879]
2621 [2999, 4877, 9011]
2647 [2659, 6991, 1530197]
2659 [14783, 4213771, 14117731]
2663 [3911, 20747, 321833]
2671 [1551001, 4802543, 7521247]
2677 [9043, 42533]
2683 [8985391]
2687 [2767, 3911, 2291327, 2318917, 7243289, 7287193, 7549391, 8289433, 9285751, 9440803, 16214903]
2693 [1651553]
2699 [7823, 15199]
2707 [35281, 460181]
2711 [3271, 4783, 6229, 503213, 678037]
2713 [3529, 15269]
2719 [2475019]
2729 [4409, 170101]
2731 [146093, 15343019]
2741 [14633, 31189, 48991]
2749 [49157, 80317]
2767 [5059]
2789 [3083, 764459, 4659043]
2791 [2213843]
2797 [6883, 10889]
2801 [3533, 83737]
2803 [8933, 10433]
2833 [318949, 2855207]
2843 [3343]
2879 [18493]
2897 [5279, 6529]
2903 [5052217]
2939 [564617]
2957 [3677]
2963 [51349, 15823501]
2999 [3323]
3001 [26888761]
3019 [7393, 43613, 54493]
3061 [3557]
3067 [17047, 75709, 223921]
3089 [21503]
3119 [5281]
3121 [106501, 112757, 169681, 211573, 1115329]
3137 [12101]
3163 [4229]
3167 [9137]
3169 [6701, 35153, 206263]
3181 [3847]
3187 [10687, 11689]
3191 [389797]
3203 [4349, 6221, 51431, 51439, 153407]
3217 [24560519]
3221 [4831]
3229 [43649]
3253 [8369, 256219, 286397, 23608049]
3299 [2107723]
3301 [25657]
3319 [4447]
3329 [20047, 21937, 1671707]
3331 [9397, 19973, 32771, 1235659, 1845731]
3343 [4871, 14831, 74231, 776201]
3361 [23767]
3391 [50723, 13175881]
3407 [3470083, 14486071]
3457 [11941]
3461 [5454257]
3463 [2985221]
3499 [10333, 89459, 4561211]
3511 [39251, 44851]
3517 [651481, 868379]
3527 [713149, 1110013, 8445433, 11708743, 12460999, 12489371, 12517579, 12717799, 12896599, 13621903, 14673443]
3529 [26099, 2039971]
3533 [13709]
3539 [21803, 82261, 88379]
3541 [4597, 783691]
3559 [18679, 14532019, 21998923]
3593 [23369]
3623 [14669689]
3631 [38183, 68567, 173617]
3637 [6007]
3643 [46127281]
3671 [7919]
3673 [5039, 6229, 8779, 19841, 27733, 42829]
3691 [45587]
3697 [2626937]
3727 [301409]
3739 [4231, 5153]
3767 [11027]
3769 [87107, 811259, 1407751]
3779 [12302051]
3797 [5839, 6829, 8291, 10531, 127031]
3803 [8101]
3853 [3911, 6277]
3907 [6143, 21391, 33487, 126421]
3911 [45197, 192853, 590431]
3917 [22961, 143573]
3919 [9791, 53617]
3923 [40949833]
3929 [5023, 440183]
3931 [294803]
3943 [11443, 217121]
3947 [5179, 9127]
3967 [933407, 15864481, 15983911]
3989 [4073, 2023283]
4001 [13309, 14221]
4003 [16141, 17123, 37987, 54547, 81707]
4007 [32887, 37447, 65827, 16729523]
4013 [4871, 2071591]
4019 [4337, 5843, 74771]
4027 [20369]
4049 [3357829]
4051 [36697, 908597]
4073 [1176221]
4079 [98837, 1371683, 2056919, 2331899, 2604299, 5545447, 6380963, 6920983, 7749439, 8729557, 11055659, 13388987, 16345943, 16659317, 16663219, 16665893, 16760207, 16809643, 16813843, 16816699, 16884541, 17045279, 17076239, 17101523, 17157727, 17169343, 17354269, 17366891, 17514829, 17579951, 17660879, 17720207, 17797789, 17806499, 17847787, 17898317, 18356939, 18534283, 19413293, 19437767, 19734859, 19798483, 19981373, 20548511, 21427139, 21498343, 21533807, 22145939, 22870171, 23157311, 23529463, 26165837, 27504887, 27509683, 27533167, 27923983, 29330207, 30221603, 32534147, 33042391]
4099 [4423]
4111 [80473]
4129 [286609, 2383049]
4133 [295877]
4139 [126067, 6133199, 23294459]
4157 [14126627, 18236761]
4159 [4241, 10499, 25243, 36277, 37123, 60217]
4177 [4508939]
4229 [9413]
4231 [7013]
4241 [5261, 5881]
4243 [9349]
4253 [5168021]
4259 [65051213]
4261 [6389, 423869]
4273 [176597]
4289 [22885873]
4297 [62201, 1539313, 14768197]
4337 [62563]
4339 [5351]
4363 [5527, 15679]
4373 [60089, 60251]
4391 [117973]
4397 [8443, 88799]
4409 [999437, 2010373]
4423 [66067, 531331, 910177, 1115417, 2635411, 3053329]
4447 [87631, 96959]
4457 [1204583]
4463 [8501, 36821, 36979, 49739, 57107]
4481 [1431127]
4507 [4813]
4517 [10289, 111263]
4519 [70849]
4547 [5569, 50087]
4549 [4663]
4561 [50123]
4583 [1603801]
4591 [14185993]
4597 [9497, 142837, 209977, 4742147, 6487991]
4621 [10663]
4637 [27611]
4639 [5821, 18523, 45083]
4649 [13381, 14479]
4679 [22035619, 22120583, 22367039]
4691 [5189, 9822359]
4703 [6359, 38351, 59747]
4721 [75307]
4723 [6691]
4751 [12263]
4759 [34519]
4789 [12409]
4793 [1532033, 15031591]
4801 [101089]
4831 [7073597]
4871 [6971]
4909 [5693, 5851, 6277, 19753, 8159017]
4931 [8117, 8887]
4933 [8707, 363589, 924827]
4943 [5903]
4951 [17807, 108751, 125687]
4957 [9679, 25247, 94273]
4967 [43980379]
4973 [1512947, 1831517]
4987 [26881, 31321, 1080043]
4999 [148781]
5003 [11117]
5009 [8513, 9613]
5011 [221497, 349913, 402797]
5021 [48409]
5023 [16477]
5051 [5521, 11681]
5059 [2248303, 5180713]
5077 [164677, 7264553]
5081 [5387, 5857, 6121, 10091, 12109, 16561, 18757, 38651, 41771, 46997, 286801, 21868667]
5099 [5843, 21503]
5119 [345599]
5147 [19913]
5153 [247613, 538697]
5167 [625033]
5171 [32789]
5179 [75017]
5189 [5857, 5953, 10343]
5197 [12809, 166247, 807949]
5209 [135049]
5233 [488641]
5261 [12637, 710851]
5273 [9431]
5281 [7411]
5297 [5881]
5333 [10651, 362987, 4967777]
5347 [6397]
5351 [6563]
5387 [31091, 121843]
5393 [87931]
5399 [523541]
5407 [5521, 17117]
5413 [28751]
5417 [67931, 445297, 1081541]
5431 [6053]
5443 [373151, 2470877]
5471 [10501]
5479 [6959, 22133, 27179, 15293293]
5483 [10567, 13463, 22937, 39023]
5501 [9437, 22453]
5503 [6672881, 15000353]
5507 [13076093]
5521 [158443, 211723]
5527 [229123]
5531 [8663]
5573 [77801, 123001]
5591 [6089, 7559, 13421, 27109, 33679, 132953]
5639 [8737, 11273, 11927]
5641 [5879]
5651 [6317]
5657 [23087, 1582429, 1739719, 2063423]
5669 [40241]
5683 [649567, 715859]
5701 [11503]
5749 [44551603]
5779 [6917, 7019]
5791 [13241, 35851, 353897]
5801 [9851]
5827 [53479, 16093387]
5839 [83477]
5849 [9007, 9209]
5851 [9467, 10639, 72671, 84389]
5861 [6971, 20269, 172169]
5867 [26083]
5869 [189433, 436081]
5879 [35298559, 35935607]
5903 [40583, 266921, 5344181, 7038853]
5927 [12470041]
5953 [12451, 16759]
5981 [289139, 1401443]
6029 [11617]
6043 [7129, 9749, 11069, 39709, 56713, 60719, 81973, 1769153]
6053 [32117]
6079 [320699, 577517]
6089 [6803, 37633, 39251]
6091 [8673157]
6101 [8563, 255947]
6131 [8117, 291791]
6133 [33587, 358201]
6197 [10949]
6203 [688907]
6211 [4185803]
6247 [14071, 14168047, 22641049]
6257 [51839]
6269 [71039]
6271 [86351]
6277 [56131363]
6287 [9391, 9929]
6299 [8101, 67079, 373631]
6301 [878173]
6317 [241601]
6323 [10601, 11299]
6329 [8081]
6337 [1537681]
6343 [6637, 7013]
6359 [47493287]
6361 [2014877]
6379 [576119]
6389 [10861, 221677, 7791527]
6421 [189439, 344167]
6427 [147541]
6449 [9103, 15373, 15583, 60611, 87359, 117763]
6451 [560047, 959603]
6469 [33563]
6473 [38729]
6481 [90121, 108529, 1010509]
6491 [54721]
6547 [79967]
6551 [7297]
6569 [11511953]
6571 [153991]
6577 [11124121]
6619 [93553, 15254947]
6637 [223849, 246119, 614687, 627301, 1244987]
6689 [12613, 15241]
6691 [70487, 126743, 5187313]
6703 [15959]
6709 [31155653]
6733 [284429, 815527, 11900417]
6761 [162593]
6779 [679451]
6791 [1809221]
6833 [32713, 46901]
6841 [7951]
6863 [1425079, 2789939, 3087167]
6869 [7583]
6907 [13001]
6911 [2265611]
6917 [394943]
6949 [36607]
6961 [349303, 1170833, 1285481]
6971 [111829]
6983 [54493]
6997 [259177]
7001 [11047, 17579]
7013 [13421]
7019 [93491, 673669, 1795109]
7039 [26993]
7069 [20707, 84319]
7103 [35896417]
7109 [25373, 7439111, 17647577]
7121 [74197, 114083]
7159 [25243]
7177 [38217149]
7187 [9623, 21587, 21817, 317959, 1981619]
7207 [277183, 1224133]
7211 [45077, 439133, 948551]
7213 [1318711]
7229 [684973]
7237 [49057, 656993]
7243 [14011, 208609]
7247 [59747671]
7283 [11173, 16193, 4497173, 5317031]
7307 [147977]
7321 [144173]
7331 [9433, 15519743]
7349 [62130713]
7369 [14401]
7411 [448907]
7433 [167269]
7451 [16067]
7457 [9337, 21617, 3301631, 4283333]
7459 [44189, 72911]
7477 [35557429]
7499 [72493]
7507 [54959]
7529 [30497]
7537 [1656229]
7547 [18443, 21323]
7577 [50905177]
7583 [57699671, 58986299, 60404411, 60607381]
7591 [800971]
7607 [44419913]
7621 [139021]
7649 [14519, 24443, 27091, 233969]
7681 [5282821]
7691 [86969, 983083]
7699 [7873, 17569, 39983]
7717 [75619, 185137]
7723 [56633]
7727 [123653]
7757 [3804547]
7759 [157739, 622483]
7823 [11027, 11923, 33617]
7841 [13127, 14897, 71719]
7877 [41141, 95177]
7883 [19031, 247829]
7901 [10753, 97987]
7907 [2962417, 5851897]
7919 [12294773]
